0
200
10.0
1
200
10.0
1
1
202
10.0
1
202
10.0
1
2
202
10.0
1
202
10.0
1
3
204
10.0
1
204
10.0
1
4
204
10.0
1
204
10.0
1
5
206
10.0
1
206
10.0
1
6
206
10.0
1
206
10.0
1
7
208
10.0
1
208
10.0
1
8
208
9.9
1
208
10.0
1
9
214
2.7
1
214
2.8
1
10
216
1.9
1
214
1.7
1
11
216
1.5
1
216
1.3
1
12
216
1.3
1
216
1.2
1
13
218
1.2
1
218
1.1
1
14
218
1.1
1
218
1.0
1
15
218
1.1
1
218
1.0
1
16
218
1.0
1
218
1.0
1
17
220
1.7
2
220
1.0
2
18
220
2.6
2
220
2.1
2
19
220
3.6
2
220
3.1
2
20
222
4.5
2
220
4.1
2
21
224
5.4
2
222
5.1
2
22
226
6.3
2
224
6.0
2
23
228
6.4
2
226
6.8
2
24
230
6.3
2
230
6.6
2
25
232
6.2
2
232
6.5
2
26
234
6.2
2
232
6.4
2
27
236
6.1
2
234
6.3
2
28
238
6.1
2
236
6.2
2
29
240
6.0
3
238
6.0
2
30
242
6.0
3
240
5.9
3
31
244
5.9
3
242
5.8
3
32
244
5.9
3
244
5.8
3
33
246
5.9
3
246
5.7
3
34
248
5.8
3
246
5.6
3
35
250
5.8
3
248
5.5
3
36
252
5.8
3
250
5.5
3
37
254
5.8
3
252
5.4
3
38
256
5.4
3
252
5.4
3
39
258
4.8
3
254
5.4
3
40
258
4.2
3
256
4.9
3
41
260
3.6
4
258
4.4
3
42
260
3.1
4
260
3.8
4
43
262
2.5
4
260
3.3
4
44
262
1.9
4
260
2.8
4
45
262
1.9
4
262
2.2
4
46
264
1.9
4
262
1.7
4
47
264
1.9
4
262
1.7
4
48
264
2.0
4
262
1.7
4
49
266
2.0
4
264
1.8
4
50
266
2.1
4
264
1.8
4
51
266
2.2
4
264
1.8
4
52
268
2.3
4
266
1.9
4
53
268
2.4
4
266
2.0
4
54
270
2.6
4
268
2.0
4
55
270
2.8
4
268
2.2
4
56
272
3.1
4
270
2.4
4
57
274
3.5
4
270
2.7
4
58
276
4.3
4
272
3.3
4
59
280
6.3
4
276
4.8
4
60
280
10.0
4
280
10.0
4
