0
200
10.0
1
200
10.0
1
1
200
10.0
1
200
10.0
1
2
202
10.0
1
202
10.0
1
3
202
10.0
1
202
10.0
1
4
204
10.0
1
204
10.0
1
5
204
10.0
1
204
10.0
1
6
204
10.0
1
204
5.8
1
7
206
6.6
1
206
3.7
1
8
206
3.8
1
208
3.0
1
9
210
3.1
1
210
2.6
1
10
210
2.7
1
210
2.4
1
11
212
2.4
1
212
2.2
1
12
212
2.2
1
212
2.1
1
13
214
2.1
1
214
2.0
1
14
214
1.9
1
214
1.9
1
15
214
1.8
1
214
1.8
1
16
216
1.7
1
216
1.8
1
17
216
1.7
1
216
1.7
1
18
216
1.6
1
216
1.7
1
19
218
1.6
1
216
1.6
1
20
218
1.5
1
218
1.6
1
21
218
1.5
1
218
1.6
1
22
218
1.4
1
218
1.5
1
23
218
2.0
1
218
1.9
1
24
220
2.7
2
220
2.6
2
25
220
3.4
2
220
3.3
2
26
220
4.1
2
220
3.9
2
27
222
4.8
2
222
4.6
2
28
224
5.4
2
224
5.3
2
29
226
6.1
2
226
5.9
2
30
228
6.1
2
228
6.2
2
31
230
6.0
2
230
6.1
2
32
232
6.0
2
230
6.1
2
33
234
6.0
2
232
6.1
2
34
234
5.9
2
234
6.0
2
35
236
5.7
2
236
5.9
2
36
238
5.6
2
238
5.7
2
37
240
5.5
3
240
5.6
3
38
242
5.4
3
242
5.5
3
39
244
5.3
3
244
5.4
3
40
246
5.2
3
246
5.3
3
41
248
5.3
3
246
5.3
3
42
248
5.4
3
248
5.4
3
43
250
5.5
3
250
5.5
3
44
252
5.7
3
252
5.7
3
45
254
5.6
3
256
5.6
3
46
258
5.2
3
258
5.1
3
47
260
4.7
4
260
4.6
4
48
262
4.2
4
262
4.0
4
49
262
3.8
4
262
3.4
4
50
264
3.7
4
264
3.5
4
51
266
4.3
4
266
3.9
4
52
270
5.3
4
270
4.7
4
53
276
7.8
4
274
6.6
4
54
280
10.0
4
280
10.0
4
