0
200
10.0
1
200
10.0
1
1
200
10.0
1
200
10.0
1
2
202
10.0
1
202
10.0
1
3
202
10.0
1
202
10.0
1
4
202
10.0
1
202
10.0
1
5
204
10.0
1
204
10.0
1
6
204
10.0
1
204
9.8
1
7
206
6.6
1
206
5.8
1
8
206
3.9
1
206
3.7
1
9
208
2.9
1
208
2.9
1
10
210
2.5
1
210
2.5
1
11
212
2.2
1
212
2.2
1
12
212
2.0
1
212
2.0
1
13
214
1.8
1
212
1.9
1
14
214
1.7
1
214
1.8
1
15
214
1.6
1
214
1.7
1
16
216
1.6
1
214
1.6
1
17
216
1.5
1
216
1.6
1
18
216
1.5
1
216
1.5
1
19
216
1.4
1
216
1.5
1
20
218
1.4
1
218
1.4
1
21
218
1.4
1
218
1.4
1
22
218
1.3
1
218
1.3
1
23
218
1.3
1
218
1.3
1
24
218
1.3
1
218
1.4
1
25
220
2.0
2
220
2.2
2
26
220
2.7
2
220
3.0
2
27
220
3.4
2
220
3.7
2
28
220
4.1
2
222
4.4
2
29
222
4.8
2
224
5.2
2
30
224
5.5
2
226
5.9
2
31
226
6.1
2
228
6.2
2
32
228
6.1
2
230
6.2
2
33
230
6.1
2
232
6.2
2
34
232
6.1
2
232
6.2
2
35
234
6.1
2
234
6.2
2
36
236
6.0
2
236
6.0
2
37
238
5.8
2
238
5.9
2
38
240
5.7
3
240
5.8
3
39
240
5.6
3
242
5.7
3
40
242
5.5
3
244
5.6
3
41
244
5.4
3
246
5.5
3
42
246
5.4
3
248
5.6
3
43
248
5.5
3
250
5.7
3
44
250
5.6
3
252
5.8
3
45
252
5.7
3
254
5.9
3
46
254
5.9
3
256
5.7
3
47
256
5.5
3
258
5.3
3
48
260
5.1
4
260
4.8
4
49
262
4.7
4
262
4.4
4
50
262
4.3
4
264
4.1
4
51
266
4.4
4
266
4.5
4
52
268
5.4
4
270
5.5
4
53
274
7.9
4
274
7.9
4
54
280
10.0
4
280
10.0
4
