0
200
10.0
1
200
10.0
1
1
200
10.0
1
200
10.0
1
2
202
10.0
1
202
10.0
1
3
202
10.0
1
202
10.0
1
4
204
10.0
1
204
10.0
1
5
204
10.0
1
204
10.0
1
6
204
8.6
1
204
10.0
1
7
206
6.5
1
206
7.9
1
8
206
4.9
1
206
4.8
1
9
206
3.8
1
208
3.8
1
10
208
3.2
1
210
3.2
1
11
210
2.8
1
210
2.8
1
12
210
2.5
1
212
2.6
1
13
212
2.3
1
212
2.4
1
14
212
2.2
1
214
2.2
1
15
214
2.0
1
214
2.1
1
16
214
2.0
1
216
2.0
1
17
216
1.9
1
216
1.9
1
18
216
1.8
1
216
1.8
1
19
216
1.8
1
216
1.8
1
20
216
1.7
1
218
1.7
1
21
218
1.7
1
218
1.7
1
22
218
1.6
1
218
1.7
1
23
218
1.8
1
218
2.2
1
24
218
2.5
1
220
2.8
2
25
220
3.1
2
220
3.4
2
26
220
3.8
2
220
3.9
2
27
222
4.4
2
222
4.5
2
28
224
5.1
2
224
5.1
2
29
226
5.7
2
226
5.6
2
30
228
5.9
2
228
5.5
2
31
228
5.8
2
228
5.5
2
32
230
5.8
2
230
5.4
2
33
232
5.8
2
232
5.4
2
34
234
5.7
2
234
5.4
2
35
236
5.7
2
236
5.4
2
36
238
5.7
2
236
5.4
2
37
240
5.7
3
238
5.4
2
38
242
5.7
3
240
5.4
3
39
244
5.7
3
242
5.5
3
40
246
5.8
3
244
5.5
3
41
248
5.8
3
246
5.6
3
42
250
5.9
3
248
5.7
3
43
252
5.9
3
250
5.8
3
44
254
6.0
3
252
6.0
3
45
256
5.6
3
254
6.0
3
46
258
5.0
3
256
5.5
3
47
260
4.5
4
260
5.0
4
48
262
3.9
4
262
4.5
4
49
264
3.3
4
262
4.0
4
50
264
3.6
4
264
4.0
4
51
268
4.0
4
268
4.6
4
52
270
4.8
4
270
5.6
4
53
274
6.7
4
276
7.9
4
54
280
10.0
4
280
10.0
4
