0
200
10.0
1
200
10.0
1
1
200
10.0
1
200
10.0
1
2
202
10.0
1
202
10.0
1
3
202
10.0
1
202
10.0
1
4
202
10.0
1
202
10.0
1
5
204
10.0
1
204
10.0
1
6
204
10.0
1
204
10.0
1
7
204
7.6
1
206
10.0
1
8
206
4.7
1
206
4.1
1
9
206
3.3
1
208
2.8
1
10
208
2.8
1
210
2.3
1
11
210
2.4
1
212
2.0
1
12
210
2.2
1
212
1.9
1
13
212
2.1
1
214
1.7
1
14
212
2.0
1
214
1.7
1
15
212
1.9
1
214
1.6
1
16
214
1.8
1
216
1.6
1
17
214
1.7
1
216
1.5
1
18
214
1.7
1
216
1.5
1
19
216
1.7
1
216
1.4
1
20
216
1.6
1
218
1.4
1
21
216
1.6
1
218
1.4
1
22
216
1.6
1
218
1.4
1
23
218
1.5
1
218
1.3
1
24
218
1.5
1
218
1.7
1
25
218
1.5
1
220
2.4
2
26
218
1.9
1
220
3.1
2
27
220
2.7
2
220
3.8
2
28
220
3.5
2
222
4.4
2
29
220
4.3
2
224
5.1
2
30
222
5.1
2
226
5.6
2
31
224
5.9
2
228
5.5
2
32
226
6.6
2
230
5.5
2
33
228
6.7
2
230
5.4
2
34
230
6.7
2
232
5.3
2
35
232
6.6
2
234
5.3
2
36
234
6.5
2
236
5.1
2
37
236
6.2
2
238
5.0
2
38
238
6.0
2
240
4.8
3
39
240
5.8
3
240
4.6
3
40
242
5.6
3
242
4.5
3
41
244
5.4
3
244
4.3
3
42
246
5.2
3
246
4.3
3
43
248
5.3
3
246
4.3
3
44
250
5.3
3
248
4.4
3
45
252
5.4
3
250
4.4
3
46
254
5.6
3
252
4.6
3
47
256
5.4
3
254
4.7
3
48
258
5.0
3
256
4.7
3
49
260
4.6
4
258
4.4
3
50
262
4.2
4
260
4.0
4
51
264
4.0
4
262
3.8
4
52
268
4.9
4
264
4.1
4
53
272
7.1
4
270
6.2
4
54
280
10.0
4
280
10.0
4
