0
200
10.0
1
200
10.0
1
1
202
10.0
1
202
10.0
1
2
202
10.0
1
202
10.0
1
3
204
10.0
1
204
10.0
1
4
204
10.0
1
204
9.8
1
5
206
8.3
1
206
7.4
1
6
206
5.5
1
206
5.5
1
7
208
4.1
1
208
4.2
1
8
210
3.4
1
208
3.6
1
9
210
3.0
1
210
3.2
1
10
212
2.8
1
212
2.9
1
11
214
2.6
1
212
2.7
1
12
214
2.4
1
214
2.5
1
13
216
2.2
1
214
2.4
1
14
216
2.1
1
216
2.3
1
15
218
2.0
1
216
2.2
1
16
218
1.9
1
218
2.1
1
17
218
2.3
1
218
2.5
1
18
220
2.9
2
220
3.3
2
19
220
3.6
2
220
4.1
2
20
222
4.2
2
222
4.9
2
21
224
4.8
2
224
5.7
2
22
226
5.4
2
226
6.5
2
23
228
5.3
2
228
6.5
2
24
230
5.2
2
230
6.4
2
25
232
5.2
2
234
6.4
2
26
234
5.2
2
236
6.2
2
27
236
5.1
2
238
6.0
2
28
238
5.0
2
240
5.8
3
29
240
4.8
3
242
5.7
3
30
242
4.7
3
244
5.5
3
31
242
4.6
3
246
5.5
3
32
244
4.6
3
250
5.7
3
33
246
4.8
3
252
5.9
3
34
250
5.1
3
254
6.0
3
35
252
5.4
3
258
5.7
3
36
256
5.7
3
260
5.4
4
37
258
5.5
3
264
5.2
4
38
262
5.5
4
268
5.8
4
39
268
7.0
4
274
8.5
4
40
280
10.0
4
280
10.0
4
