0
200
10.0
1
200
10.0
1
1
200
10.0
1
200
10.0
1
2
202
10.0
1
202
10.0
1
3
202
10.0
1
202
10.0
1
4
204
10.0
1
204
10.0
1
5
204
10.0
1
204
10.0
1
6
206
7.2
1
206
10.0
1
7
206
4.2
1
206
10.0
1
8
208
3.2
1
206
5.2
1
9
208
2.8
1
208
3.6
1
10
210
2.5
1
210
3.0
1
11
212
2.3
1
212
2.7
1
12
212
2.1
1
212
2.5
1
13
214
2.0
1
214
2.3
1
14
214
2.0
1
214
2.2
1
15
214
1.9
1
216
2.1
1
16
216
1.9
1
216
2.0
1
17
216
1.8
1
216
1.9
1
18
216
1.8
1
218
1.9
1
19
218
1.7
1
218
1.8
1
20
218
1.7
1
218
1.8
1
21
218
1.8
1
218
2.1
1
22
220
2.2
2
220
2.5
2
23
220
2.5
2
220
2.8
2
24
220
2.8
2
220
3.1
2
25
222
3.2
2
222
3.5
2
26
222
3.5
2
224
3.8
2
27
224
3.8
2
224
4.0
2
28
224
3.8
2
226
3.9
2
29
226
3.8
2
226
3.9
2
30
228
3.7
2
228
3.9
2
31
228
3.7
2
230
3.8
2
32
230
3.7
2
230
3.8
2
33
230
3.7
2
232
3.8
2
34
232
3.7
2
232
3.8
2
35
232
3.7
2
234
3.8
2
36
234
3.7
2
234
3.8
2
37
236
3.7
2
236
3.8
2
38
236
3.7
2
238
4.2
2
39
238
4.0
2
238
4.5
2
40
238
4.3
2
240
5.0
3
41
240
4.7
3
242
5.4
3
42
242
5.1
3
244
5.9
3
43
244
5.5
3
246
6.4
3
44
246
5.8
3
248
6.7
3
45
248
6.0
3
252
6.9
3
46
252
6.2
3
254
7.0
3
47
254
6.3
3
256
6.5
3
48
256
5.9
3
260
6.0
4
49
260
5.4
4
262
5.6
4
50
262
5.0
4
264
5.1
4
51
264
4.7
4
268
5.6
4
52
268
5.9
4
272
6.7
4
53
274
8.5
4
278
9.4
4
54
280
10.0
4
280
10.0
4
